486840
6192
417711
752513
52188
213615
418759
303453
925423
490451
260528
219552
23805
761211
289456
657985
410085
70199
329645
444526
926798
612062
848442
194546
222419
288136
14891
747982
638130
857684
154761
347939
907444
909565
906307
34485
519166
351237
988660
949645
856264
944758
960141
487251
559148
517883
342850
731529
962402
640698
564935
41575
241498
165806
292533
384482
898113
542642
317876
450545
10935
761514
814698
836503
116300
559929
889368
411540
923995
819078
750632
374216
132176
522465
256377
580968
554690
914008
611472
661092
918637
778039
520728
578117
588666
803825
11968
379092
821084
918402
493908
302527
931779
468983
197620
800223
622806
104486
689730
545937